Spheres:
# {{x, y, z}, radius, reflectivity, spec_power, {r, g, b}}
-1.3333 0.0 2.3333 0.6666 0.25 100.0 150 0 0
0.0 -0.5 2.3333 0.6666 0.25 100.0 0 150 0
1.3333 0.0 2.3333 0.6666 0.25 100.0 0 0 150
0.0 1.0 7.0 2.5 0.9 15.0 80 80 80

#Quads:
# {{x1, y1, z1}, {x2, y2, z2}, {x3, y3, z3}, {x4, y4, z4}, reflectivity, spec_power, {r, g, b}}

#-10.0 -3.0 -2.0 -10.0 -3.0 18.0 10.0 -3.0 18.0 10.0 -3.0 -2.0 0.0 0.0 0.0 0.0 -1.0 100 100 100

#-10.0 -3.0 -2.0 -10.0 -3.0 18.0 -10.0 17.0 18.0 -10.0 17.0 -2.0 0.0 0.0 0.0 0.0 -1.0 0 100 100
#-10.0 17.0 -2.0 -10.0 17.0 18.0 10.0 17.0 18.0 10.0 17.0 -2.0 0.0 0.0 0.0 0.0 -1.0 0 0 0
#10.0 17.0 -2.0 10.0 17.0 18.0 10.0 -3.0 18.0 10.0 -3.0 -2.0 0.0 0.0 0.0 0.0 -1.0 100 100 0
#-10.0 -3.0 -2.0 10.0 -3.0 -2.0 10.0 17.0 -2.0 -10.0 17.0 -2.0 0.0 0.0 0.0 0.0 -1.0 100 0 0
#-10.0 -3.0 18.0 10.0 -3.0 18.0 10.0 17.0 18.0 -10.0 17.0 18.0 0.0 0.0 0.0 0.0 -1.0 0 0 100

Lights:
# {{x, y, z}, intensity, radius}
-20.0 16.0 8.0 300.0 1.0
0.0 16.0 8.0 150.0 1.0

Planes:
# {{x, y, z}, {normal_x, normal_y, normal_z}, reflectivity, spec_power, {r, g, b}}
0.0 -3.0 0.0 0.0 1.0 0.0 0.0 -1.0 100 100 100

